Jm = 0.125e-5;
dM= 1.0e-5;
rM=25/1000;
RM=1.5;
LM=1e-3;
OM= 0.1125;
Oi= 2.6e-2;
JL= 2e-5;
c=50;
d=0.05;
dL=5e-6;
rL=50.0/1000;
ML=0.25;
Uq0=24;
